Movie Report
------------

Frame #    Frame Bytes    Total Bytes    Page
-------    -----------    -----------    ---------------
    1          2324           2324        Scene 1
    2           119           2443          2
    3             2           2445          3
    4            32           2477          4
    5             2           2479          5
    6            32           2511          6
    7             2           2513          7
    8            19           2532          8
    9             2           2534          9
   10            34           2568          10
   11             2           2570          11
   12            19           2589          12
   13             2           2591          13
   14            14           2605          14
   15             2           2607          15
   16             2           2609          16
   17             2           2611          17
   18            89           2700          18
   19             2           2702          19
   20            95           2797          20
   21             2           2799          21
   22           141           2940          22
   23             2           2942          23
   24           194           3136          24
   25             2           3138          25

Page                       Shape Bytes    Text Bytes
-----------------------    -----------    ----------
Scene 1                         598             0

Symbol                     Shape Bytes    Text Bytes
-----------------------    -----------    ----------
BUTTON                          535            76
Symbol 3                          0             0
Symbol 2                         54             0
Symbol 1                        218           241

Font Name                  Bytes       Characters
-----------------------    --------    -----------
ו Bold                     504        1CIKLZ
ו                          414        1oxy
